{
 "cells": [
  {
   "cell_type": "code",
   "execution_count": 119,
   "metadata": {},
   "outputs": [],
   "source": [
    "import numpy as np\n",
    "import pandas as pd\n",
    "import joblib"
   ]
  },
  {
   "cell_type": "code",
   "execution_count": 120,
   "metadata": {},
   "outputs": [],
   "source": [
    "grape_varieties = ['Croatina', 'Treishadura', 'Pino_Bianco', 'Moscatel', 'Semillon', 'Turiga_Franka', 'Arintu', 'Carménère', 'Cinsault', 'Mourvedre', 'Tannat', 'Claret', 'Red_grape_varieties', 'Marsan', 'Tinta_Roriz', 'Molinara', 'Rondinella', 'Roussan', 'Graciano', 'Counoise', 'Colorino', 'Ciliegiolo', 'Malvasia', 'Viura', 'Marselan', 'Carmenere', 'Syrah', 'Cabernet_Sauvignon', 'Tempranillo', 'Sauvignon_Blanc', 'Vermentino', 'Riesling', 'Pinot_Noir', 'Chardonnay', 'Merlot', 'Touriga_Nacional', 'Sangiovese', 'Malbec', 'Viognier', 'Grenache', 'Carignan', 'Cabernet_Franc', 'red_grape_varieties', 'Carignano', 'Fiano', 'Malvasia_Nera', 'Petit_Verdot', 'Traminer', 'Gros_Mansen', 'Canaiolo', 'Rufete', 'Grenache_Noir', 'Cannonau', 'Aligote', 'Ugni_Blanc', 'Burbulenk', 'Macabeo', 'Muscat', 'Sercial', 'Loureiro', 'Petit_Sirah', 'Grüner_Veltliner', 'Garnacha', 'Airen', 'Blaufränkisch', 'Muscadet', 'Castelau', 'Bovale_Sardo', 'Alicante_Boucher', 'Red_varieties', 'Other_grape_varieties', 'Primitivo', 'Refosco', 'Krasnostop', 'White_grape_varieties', 'Marcemino', 'Pinot_Grigio', 'Corvinone', 'Müller_Thurgau', 'Mazuelo', 'Trajadura', 'Picpoul_Blanc', 'Pinot_Meunier', 'Fernao_Pires', 'Verdello', 'Mauzac', 'Catarratto', 'Nerello_Cappuccio', 'Pinot_Bianco', 'Girò', 'Inzolia', 'Verdelho', 'Mourvèdre', 'Colombard', 'Baga', 'Procanico', 'Mataro', 'Tibouren', 'Sémillon', 'Saint_Laurent', 'Roussanne', 'Gamay', 'Trebbiano', 'Marsanne', 'Pecorino', 'Xinomavro', 'Picolit', 'Krasnostop_Zolotovsky', 'Grenache_Blanc', 'Alicante', 'Sagrantino', 'Ozeleta', 'Fernau_Pires', 'Montepulciano', 'Verdicchio', 'Bonarda', 'Alvarinho', 'Grechetto', 'Barbera', 'Nebbiolo', 'Aragones', 'Trincadeira', \"Nero_d'Avola\", 'Verdejo', 'Weissburgunder', 'Gewürztraminer', 'Touriga_Franca', 'Shiraz', 'Pinot_Blanc', 'Samso', 'Pinotage', 'Clairet', 'Ciarello', 'Zinfandel', 'Petite_Sirah', 'Saperavi.', 'Pinot_Gris', 'Malagousia', 'Grillo', 'Tempranillo_Blanco', 'Moscato_Bianca', 'Petit_Shiraz', 'Azal', 'Field_Blend', 'Viosinho', 'Rolle', 'Voskehat', 'Furmint', 'Vespolina', 'Oseleta', 'Kerner', 'Passerina', 'Avesso', 'Pino_Nero', 'Frappato', 'Pignolo', 'Muscat_Blanc', 'Moscatel_de_Grano_Menudo', 'Cabernet', 'Picpoul', 'Muscat_Ottonel', 'Fucking', 'Cataratto', 'Kinsault', 'Welschriesling', 'Vidiano', 'Famoso', 'Mouhtaro', 'Arinto', 'Trebiano_di_Soave', 'Monastrell', 'Garnacha_Tinto', 'Bastardo', 'Tiburen', 'Nocera', 'Prokupac', 'Glera', 'Mozak', 'Maturana_Blanca', 'Tinta_Kao', 'Malvasia_Bianca', 'Ribolla_Jalla', 'Piquepoul', 'Agiorgitiko', 'Trebbiano_Toscano', 'Rusann', 'Trebbiano_Spoletino', 'Gewurztraminer', 'Albariño', 'Carignan_Blanc', 'Nerello_Mascalese', 'Marzemino', 'Perricone', 'Mavro_Kalavritino', 'Grecanico', 'Sangiovese_Grosso', 'Caladoc', 'Tinta_Barroca', 'Pedro_Ximénez', 'Greco', 'Verduzzo', 'Lagrein', 'Clairette', 'Rkatsiteli', 'Vranac', 'Albillo', 'Nero_dAvola', 'Sciacarello', 'Moscatel_de_Alexandria', 'Savatiano', 'Suzao', 'Tokay_Friulano', 'Gouveio', 'Zweigelt', 'Grekaniko', 'Garnacha_Blanca', 'Haghtanak', 'Sangioveto', 'Muscat_Pink', 'Sauvignon_Gris', 'Canaiolo_Nero', 'Grenache_Gris', 'Silvaner', 'Aglianico', 'Carricante', 'Tsimlyansky_black', 'Welshriesling', 'Mando', 'Tinta_Baroque', 'Dolcetto', 'Petit_Manseng', 'Xarel-lo', 'Assyrtiko', 'Chenin_Blanc', 'Palomino', 'Pedro_Jimenez', 'Kephesia', 'Saperavi', 'Catarrato', 'Trebbiano_di_Soave', 'Clairette_Rose', 'Grollo', 'Sauvignon', 'Borracal', 'Minnella', 'Sarah_Pandas', 'Trepat', 'Garganega', 'Garnacha_Tintorera', 'Roditis', 'Malvasia_Fina', 'Mtsvane', 'Schioppettino', 'Harshlevelu', 'Corvina', 'Friulano', 'Gros_Mansan', 'Torrontes', 'Limnio', 'Mammolo', 'Role', 'Parellada', 'Sciarello', 'Kisi', 'Tinto_Rorish', 'Vernaccia', 'Sauvignon_Blanc_Musqué', 'Zeta', 'Muscardin', 'Pais', 'Rebo', 'Nebiollo', 'Papazkarasy', 'Garnacha_Tintorerra', 'Freisa', 'Verdeka', 'Turbiana', 'Terrano', 'Gechei_Zamatosh', 'Tinta_de_Toro', 'Muskateller', 'Susumaniello', 'Sumol', 'Muscat_Canelli', 'Kishmish', 'Gro_Manseng', 'Souvigné_Gris', 'Sagiovese', 'Refosco_Dal_Peduncolo', 'Malvasia_di_Candia', 'Nero_Buono', 'Malvasia_del_Lazio', 'Nashetta', 'Timorasso', 'Arruflac', 'Palomino_Fino', 'St._Laurent', \"Montepulciano_d'Abruzzo\", 'Grauer_Burgunder', 'Durif', 'Usakhelauri', 'Kumshatsky', 'Hidiriotiko', 'Verdil', 'Malvasia_Ray', 'Chalkaras', 'Kangun', 'Kokur', 'Bobal', 'Rochetto', 'Godello', 'Ropero', 'Muscat_of_Alexandria', 'MtsvivaniKakhuri', 'Ansonica', 'Negroamaro', 'cabernet_sauvignon', 'Maturana', 'Nero_di_Troia', 'Bianca_Fernanda', 'Zemling', 'Abrusco', 'Perera', 'Cabernet_Sauvignon_and_Cabernet_Franc', 'Bianchetta_Trevigiana', 'Mencia', 'Malvasia_Nera_and_Beauvale', 'Aidani', 'Mavrotragano', 'Malvasia_and_Drupedgio', 'other_varieties', 'Pinot_Noir_Précoce', 'Rossignola', 'Azal_Branco', 'Azal_Tinto', 'Amaral', 'Ariarnoa', 'Nerello_Moscalese', 'Sauvignon_gris', 'Caberin_Franc', 'Sandovese', 'Arneis', 'Corvina_Veronese', 'Ondarrabi_Suri', 'Albanello', 'chardonnay', 'Pulcinculo', 'Müller-Thurgau', 'Odessa_Black', 'Dornfelder', 'Caberlot', 'Alexandrouli', 'Mondoz_Noir', 'Macabeu', 'Cortese', 'Jacquer', 'Enantio', 'Falangin', 'Torbato', 'Kokur_white', 'Brancellao', 'Prugniolo', 'Groppello', 'Lambrusco', 'Tsymlyansky_Black', 'Tinto_Negra', 'Areni', 'Syria', 'Baco_Noir', 'Tinto_Toro', 'Prugniolo_Gentile', 'Muscat_of_Alsace', 'Blauer_Zweigelt', 'Sémillon_Gris', 'Platovsky', 'Moscato_Bianco', 'Malagusia', 'Espadeiro', 'Torrontés', 'Favorite', 'Siberian', \"Trebbiano_d'Abruzzo\", 'Granacha', 'Charbono', 'Roupeiro', 'Favorito', 'White_Muscat', 'Roditis_white', 'Citron_Magaracha', 'Moscatel_de_Setubal', 'Tinta_Grossa', 'Areni_Noir', 'Moschofilero', 'Bastardo_Magarachsky', 'Koshu', 'Kokur_White', 'Ugny_Blanc', 'Rislaner', 'Kumshatsky_White', 'Vinau', 'Roll', 'Duras', 'Marinovsky', 'Grauburgunder', 'Obeidi', 'Moscato_di_Noto', 'Goldmuskateller', 'Petit_Meslier', 'Nuragus', 'Incrochio_Manzoni', 'Pignoletto', 'Ondarrabi_Beltsa', \"Cesanese_d'Affile\", 'Antau_Vaz', 'Other_varieties', 'Aragonese', 'Tinta_Rorish', 'Muscat_of_Hamburg', 'Muscat_yellow', 'Kallet', 'Grenache_Tinto', 'Viorica', 'Tsimlyansky_Black', 'Emerald_Riesling', 'Tamyanika', 'Alsatian_Muscat', 'Madeira_(semillon)', 'Canonnau', 'Muscat_Yellow', 'Albarola', 'Tai', 'Refosco_dal_Peduncolo_Rosso', 'Corvina_and_Corvino_Veronese', 'Solaris', 'Pulsar', 'Pikapol', 'Ondarabbi_Suri', 'Palomino_Blanco', 'Sumol_Blanco', 'Prieto_Picudo', 'Moristel', 'Tinta_Negra', 'Gelber_Muskateller', 'Tavkveri', 'Khatun_Kharji', 'Garan_Dmak', 'Tigran', 'Khndohni', 'Mavrodaphne', 'Ribolla', 'Cesanese', 'Rondiella', 'Mujuretuli', 'Local_grapes', 'Ancellotta', 'Grenache_blanc', 'Grenache_Tinta', 'international_varieties', 'cabernet_franc', 'Merlot_and_Syrah', 'Grenache_Tinta_and_Matzuelo', 'Muscat_Jalou', 'Pederna', 'Rondinella_and_Molinara', 'Pinot_blanc', 'Forastera_Uva_Rilla_and_San_Lunardo', 'Malvasia_Nera_and_Colorino', 'Osaleta', 'Riesling_Renano', 'Vital', 'Secret_blend', 'Karmrayut', 'Malvasia_Aromatica', 'Mavroudi', 'Bombino', 'Mavrudi', 'Mtsvane_Kakhuri', 'Gratian', 'Grenache/Garnacha', 'Trebbiano_di_Lugana', 'Siegerrebe', 'Little_Dove', 'Verdiso', 'Treschadura', 'Fonte_Cal', 'Palomino_blanco', 'Grenache_Tintorerra', 'Marcemino_Nero', 'Viñao', 'Sauvignon_green', 'Kamalate', 'Alfroqueiro', 'Petit_Mansan', 'Loureira', 'RondinellaMolinara', 'Grenache_Blanc/Grenache_Blanca', 'Petit_Courbu', 'DeChaunac', 'Portugieser', 'Petit_Syrah', 'Nerello_Mantellato', 'Souson', 'Grenache_Blanca', 'Alicante_Bouschet/Grenache_Tintorera', 'Merseguera', 'Flora', 'Bical', 'Athiri', 'catarratto_extra_lucido', \"Nero_d'avola\", 'Aleatico', 'Jaen', 'Frankovka', 'Tinta_Negra_Mole', 'Folle_Blanche', 'Kekfrankosh', 'Aragon', 'Melnik', 'Kadarka', 'Gamza', 'Cayetana', 'Pelaverga_Piccolo', \"Moscato_d'Asti\", 'Chasselas', 'Rabigato', 'Gros_Manseng', 'Falanghina', 'Bourboulenc', 'Grignolino', 'Tinto_Barroca', 'Gringet', 'Verdeca', 'Bombino_Bianco', 'Moscato', 'Ribolla_Gialla', 'Trebbiano_Abruzzese', 'Muscat_à_Petits_Grains', 'Piedirosso', 'Aliberne', 'Guarnaccia', 'Lacrima', 'Picpoul_de_Pinay', 'Tinto_Velasco', 'Khikhvi', 'Tsolikauri', 'Nero_Antica', 'Holodrigi_Ruby', 'Dishesive', 'Grechetto_di_Todi', 'Encruzado', 'White_varieties', 'MerlotCabernet', 'Bastardo_Magarachensky', 'Pukhlyakovsky', 'Rubin_AZOS', 'Cabernet_AZOS', 'Kumshchatsky_white', 'Vitovska', 'Trebiano', 'Ansonico', 'Teroldego', 'Sanjovze', 'Montil', 'Ty_Rosso', 'Sumol_Blanc', 'Chkhaveri', 'Abishu', 'Seyval_Blanc', 'Cocourt_Blanc', 'Vinhão', 'Limniona', 'Valdiguié', 'Picapoll', 'Castelao', 'Nielluccio', 'Graciana', 'Biancolella', 'Treixadura', 'Bacchus', 'Palawa', 'Moscatel_Negro', 'Samarghandi', 'Croatina_and_Oseleta', 'Pugnitello', 'Spätburgunder', 'Chenin', 'Manto_Negro', 'Melonde_Bourgogne', 'Hand', 'Tintilia', 'Krasnostop_Anapa', 'Tsinandali', 'Blauer_Portugieser', 'Donau_Veltliner', 'Riesling_Rhineland', 'Greco_di_Tufo', 'Mavrofilero', 'Frontenac', 'Robola', 'Mencía', 'Bual', 'Oeillade', 'Grenache_Garnacha', 'Rivairenc', 'Aligoté', 'Zibibbo', 'Muscat_of_Hamberg', 'Osteiner', 'Sylvaner', 'Vernatsch', 'Muscat_Giallo', 'Moscato_Rosa', 'Savagnin', 'Sideritis', 'Tsolikouri', 'Vilana', 'Alfrocheiro', 'Orange_Muscat', 'Antao_Vaz', 'Aragonez', 'Hondarrabi_Zuri', 'Chambourcin', 'Trousseau', 'Grüner__Veltliner', 'Segalin']"
   ]
  },
  {
   "cell_type": "code",
   "execution_count": 121,
   "metadata": {},
   "outputs": [],
   "source": [
    "def create_initial_population(population_size, grape_varieties, gene_size):\n",
    "    population = []\n",
    "    for _ in range(population_size):\n",
    "        blend = np.random.choice(grape_varieties, size=gene_size, replace=False)\n",
    "        percent = np.random.dirichlet(np.ones(gene_size), size=1).flatten()\n",
    "        percent = [round(x, 3) for x in percent]\n",
    "        wine = np.hstack((blend, percent))\n",
    "        population.append(wine)\n",
    "        \n",
    "        new_wine_8 = pd.DataFrame(data=population, columns=['Grape_variety_1', 'Grape_variety_2', 'Grape_variety_3', 'Grape_variety_4',\n",
    "                                             '%_1', '%_2', '%_3', '%_4'])\n",
    "        df = pd.read_excel('keys_cell_4_10.xlsx')\n",
    "        wine_1 = new_wine_8.merge(df[['Grape_variety_1', '1_vec_1', '1_vec_2', '1_vec_3', '1_vec_4', '1_vec_5', '1_vec_6', \n",
    "                                   '1_vec_7', '1_vec_8', '1_vec_9', '1_vec_10']], on='Grape_variety_1', how='left')\n",
    "        wine_2 = wine_1.merge(df[['Grape_variety_2', '2_vec_1', '2_vec_2', '2_vec_3', '2_vec_4', '2_vec_5', '2_vec_6', \n",
    "                                   '2_vec_7', '2_vec_8', '2_vec_9', '2_vec_10']], on='Grape_variety_2', how='left')\n",
    "        wine_3 = wine_2.merge(df[['Grape_variety_3', '3_vec_1', '3_vec_2', '3_vec_3', '3_vec_4', '3_vec_5', '3_vec_6', \n",
    "                                   '3_vec_7', '3_vec_8', '3_vec_9', '3_vec_10']], on='Grape_variety_3', how='left')\n",
    "        wine = wine_3.merge(df[['Grape_variety_4', '4_vec_1', '4_vec_2', '4_vec_3', '4_vec_4', '4_vec_5', '4_vec_6', \n",
    "                                   '4_vec_7', '4_vec_8', '4_vec_9', '4_vec_10']], on='Grape_variety_4', how='left')\n",
    "        wine = wine.drop(columns=['Grape_variety_1', 'Grape_variety_2', 'Grape_variety_3', 'Grape_variety_4'])\n",
    "\n",
    "        wine['Color_Orange'] = 0\n",
    "        wine['Color_Pink'] = 0\n",
    "        wine['Color_Red'] = 0\n",
    "        wine['Color_White'] = 0\n",
    "\n",
    "        if target_colour == 'Red':\n",
    "            wine['Color_Red'] = 1\n",
    "        elif target_colour == 'White':\n",
    "            wine['Color_White'] = 1\n",
    "        elif target_colour == 'Pink':\n",
    "            wine['Color_Pink'] = 1\n",
    "        else:\n",
    "            wine['Color_Orange'] = 1\n",
    "\n",
    "        wine = wine[['1_vec_1',\t'1_vec_2',\t'1_vec_3', '1_vec_4', '1_vec_5', '1_vec_6',\t'1_vec_7', '1_vec_8', '1_vec_9', '1_vec_10', '%_1', \n",
    "                    '2_vec_1',\t'2_vec_2',\t'2_vec_3', '2_vec_4', '2_vec_5', '2_vec_6',\t'2_vec_7', '2_vec_8', '2_vec_9', '2_vec_10', '%_2', \n",
    "                    '3_vec_1',\t'3_vec_2',\t'3_vec_3', '3_vec_4', '3_vec_5', '3_vec_6',\t'3_vec_7', '3_vec_8', '3_vec_9', '3_vec_10', '%_3',\n",
    "                    '4_vec_1',\t'4_vec_2',\t'4_vec_3', '4_vec_4', '4_vec_5', '4_vec_6',\t'4_vec_7', '4_vec_8', '4_vec_9', '4_vec_10', '%_4',\n",
    "                    'Color_Orange', 'Color_Pink', 'Color_Red', 'Color_White']]\n",
    "        \n",
    "        with pd.ExcelWriter('new_wine.xlsx') as writer:\n",
    "            wine.to_excel(writer, index=False)\n",
    "\n",
    "        wine = wine.astype(np.float32)\n",
    "\n",
    "        population_for_ml = wine.values\n",
    "          \n",
    "    return population_for_ml\n",
    "\n",
    "target_colour = input('Укажите, какой цвет вина вы хотели бы получить: 1 - красное, 2 - белое, 3 - розовое, 4 - оранжевое: ')\n",
    "population_size = 100\n",
    "gene_size = 4 \n",
    "population = create_initial_population(population_size, grape_varieties, gene_size)"
   ]
  },
  {
   "cell_type": "code",
   "execution_count": 122,
   "metadata": {},
   "outputs": [
    {
     "data": {
      "text/plain": [
       "array([[ 0.58604914, -0.11223314,  0.29512107, ...,  0.        ,\n",
       "         0.        ,  0.        ],\n",
       "       [ 0.07279199,  0.17480703,  0.5324005 , ...,  0.        ,\n",
       "         0.        ,  0.        ],\n",
       "       [-0.00663574, -0.17898081,  0.44686222, ...,  0.        ,\n",
       "         0.        ,  0.        ],\n",
       "       ...,\n",
       "       [-0.41888005,  0.4635936 ,  0.18626252, ...,  0.        ,\n",
       "         0.        ,  0.        ],\n",
       "       [-0.35886872,  0.02960028,  0.2512673 , ...,  0.        ,\n",
       "         0.        ,  0.        ],\n",
       "       [-0.3185568 , -0.01652853, -0.04542663, ...,  0.        ,\n",
       "         0.        ,  0.        ]], dtype=float32)"
      ]
     },
     "execution_count": 122,
     "metadata": {},
     "output_type": "execute_result"
    }
   ],
   "source": [
    "population"
   ]
  },
  {
   "cell_type": "code",
   "execution_count": 123,
   "metadata": {},
   "outputs": [
    {
     "name": "stdout",
     "output_type": "stream",
     "text": [
      "48\n",
      "48\n",
      "48\n",
      "48\n",
      "48\n",
      "48\n",
      "48\n",
      "48\n",
      "48\n",
      "48\n",
      "48\n",
      "48\n",
      "48\n",
      "48\n",
      "48\n",
      "48\n",
      "48\n",
      "48\n",
      "48\n",
      "48\n",
      "48\n",
      "48\n",
      "48\n",
      "48\n",
      "48\n",
      "48\n",
      "48\n",
      "48\n",
      "48\n",
      "48\n",
      "48\n",
      "48\n",
      "48\n",
      "48\n",
      "48\n",
      "48\n",
      "48\n",
      "48\n",
      "48\n",
      "48\n",
      "48\n",
      "48\n",
      "48\n",
      "48\n",
      "48\n",
      "48\n",
      "48\n",
      "48\n",
      "48\n",
      "48\n",
      "48\n",
      "48\n",
      "48\n",
      "48\n",
      "48\n",
      "48\n",
      "48\n",
      "48\n",
      "48\n",
      "48\n",
      "48\n",
      "48\n",
      "48\n",
      "48\n",
      "48\n",
      "48\n",
      "48\n",
      "48\n",
      "48\n",
      "48\n",
      "48\n",
      "48\n",
      "48\n",
      "48\n",
      "48\n",
      "48\n",
      "48\n",
      "48\n",
      "48\n",
      "48\n",
      "48\n",
      "48\n",
      "48\n",
      "48\n",
      "48\n",
      "48\n",
      "48\n",
      "48\n",
      "48\n",
      "48\n",
      "48\n",
      "48\n",
      "48\n",
      "48\n",
      "48\n",
      "48\n",
      "48\n",
      "48\n",
      "48\n",
      "48\n"
     ]
    }
   ],
   "source": [
    "for elem in population:\n",
    "    print(len(elem))"
   ]
  },
  {
   "cell_type": "code",
   "execution_count": 125,
   "metadata": {},
   "outputs": [],
   "source": [
    "def strength_model():\n",
    "    strength_model = joblib.load('strength.pkl')\n",
    "    return strength_model"
   ]
  },
  {
   "cell_type": "code",
   "execution_count": 126,
   "metadata": {},
   "outputs": [],
   "source": [
    "def sugar_model():\n",
    "    sugar_model = joblib.load('sugar.pkl')\n",
    "    return sugar_model"
   ]
  },
  {
   "cell_type": "code",
   "execution_count": 127,
   "metadata": {},
   "outputs": [],
   "source": [
    "# Функция оценки приспособленности\n",
    "strength = strength_model()\n",
    "sugar = sugar_model()\n",
    "\n",
    "def evaluate_blend(blend, target_strength, target_sugar):\n",
    "    pred_strength = strength.predict(blend.reshape(-1, 48))\n",
    "    pred_sugar = sugar.predict(blend.reshape(-1, 48))\n",
    "    fitness = 1 / ((pred_strength - target_strength)**2 + (pred_sugar - target_sugar)**2)\n",
    "    return fitness, pred_strength, pred_sugar"
   ]
  },
  {
   "cell_type": "code",
   "execution_count": 128,
   "metadata": {},
   "outputs": [],
   "source": [
    "def selection(population, fitness_scores):\n",
    "    fitness_scores = np.array(fitness_scores)\n",
    "    sorted_indices = np.argsort(-fitness_scores)\n",
    "    return population[sorted_indices[:int(population_size/2)]]"
   ]
  },
  {
   "cell_type": "code",
   "execution_count": 129,
   "metadata": {},
   "outputs": [],
   "source": [
    "def crossover(parents, offspring_size, keep_parent_percent_index):\n",
    "    offspring = []\n",
    "    while len(offspring) < offspring_size:\n",
    "        idx1, idx2 = np.random.choice(len(parents), 2, replace=False)\n",
    "        parent1, parent2 = parents[idx1], parents[idx2]\n",
    "   \n",
    "        child = np.empty_like(parent1)\n",
    "\n",
    "        child[:11] = parent1[:11]\n",
    "        child[11:22] = parent1[11:22]\n",
    "\n",
    "        parent_percent_index = [slice(22, 33), slice(33, 44)]\n",
    "\n",
    "        child[22:33] = parent2[22:33]\n",
    "        child[33:44] = parent2[33:44]\n",
    "\n",
    "        child[parent_percent_index[keep_parent_percent_index]] = parent1[parent_percent_index[keep_parent_percent_index]]\n",
    "\n",
    "        child[44:49] = parent2[44:49]\n",
    "    \n",
    "        offspring.append(child)\n",
    "\n",
    "        \n",
    "    return np.array(offspring)\n",
    "\n",
    "def mutation(offspring, mutation_rate):\n",
    "    if np.random.rand() < mutation_rate:\n",
    "        row_index = np.random.randint(offspring.shape[0])\n",
    "        percent_index = np.random.choice([10, 21, 32, 43])\n",
    "        offspring[row_index, percent_index] += np.random.uniform(-0.1, 0.1)\n",
    "        offspring[row_index] /= np.sum(offspring[row_index])\n",
    "\n",
    "   \n",
    "    return offspring"
   ]
  },
  {
   "cell_type": "code",
   "execution_count": 130,
   "metadata": {},
   "outputs": [],
   "source": [
    "# Обновление популяции новыми особями\n",
    "def create_new_population(parents, offspring):\n",
    "    new_population = np.vstack((parents, offspring))\n",
    "    return new_population"
   ]
  },
  {
   "cell_type": "code",
   "execution_count": 131,
   "metadata": {},
   "outputs": [
    {
     "name": "stdout",
     "output_type": "stream",
     "text": [
      "Поколение: 0\n",
      "0.5 [4] [1]\n",
      "[[ 0.10743637  0.04482929  0.07700732 ...  0.          0.\n",
      "   0.        ]\n",
      " [-0.05434833  0.1773571   0.58737093 ...  0.          0.\n",
      "   0.        ]\n",
      " [-0.29148525  0.34510586  0.25578406 ...  0.          0.\n",
      "   0.        ]\n",
      " ...\n",
      " [-0.10862045 -0.24136542 -0.45695552 ...  0.          0.\n",
      "   0.        ]\n",
      " [ 0.32216847 -0.04226051 -0.47432244 ...  0.          0.\n",
      "   0.        ]\n",
      " [ 0.4971938  -0.29016468  0.18766528 ...  0.          0.\n",
      "   0.        ]]\n",
      "Поколение: 1\n",
      "0.5 [4] [1]\n",
      "[[ 0.10743637  0.04482929  0.07700732 ...  0.          0.\n",
      "   0.        ]\n",
      " [ 0.17523304  0.11092716  0.2851072  ...  0.          0.\n",
      "   0.        ]\n",
      " [ 0.27109814  0.35377154  0.24868645 ...  0.          0.\n",
      "   0.        ]\n",
      " ...\n",
      " [-0.42287186  0.2364404  -0.20987418 ...  0.          0.\n",
      "   0.        ]\n",
      " [ 0.27109814  0.35377154  0.24868645 ...  0.          0.\n",
      "   0.        ]\n",
      " [-0.29148525  0.34510586  0.25578406 ...  0.          0.\n",
      "   0.        ]]\n",
      "Поколение: 2\n",
      "0.5 [4] [1]\n",
      "[[ 0.10743637  0.04482929  0.07700732 ...  0.          0.\n",
      "   0.        ]\n",
      " [ 0.38100272  0.20577559  0.2742781  ...  0.          0.\n",
      "   0.        ]\n",
      " [ 0.38100272  0.20577559  0.2742781  ...  0.          0.\n",
      "   0.        ]\n",
      " ...\n",
      " [-0.42287186  0.2364404  -0.20987418 ...  0.          0.\n",
      "   0.        ]\n",
      " [-0.29148525  0.34510586  0.25578406 ...  0.          0.\n",
      "   0.        ]\n",
      " [-0.3758368   0.5159756  -0.0896459  ...  0.          0.\n",
      "   0.        ]]\n",
      "Поколение: 3\n",
      "0.5 [4] [1]\n",
      "[[ 0.10743637  0.04482929  0.07700732 ...  0.          0.\n",
      "   0.        ]\n",
      " [ 0.17523304  0.11092716  0.2851072  ...  0.          0.\n",
      "   0.        ]\n",
      " [ 0.27109814  0.35377154  0.24868645 ...  0.          0.\n",
      "   0.        ]\n",
      " ...\n",
      " [-0.05434833  0.1773571   0.58737093 ...  0.          0.\n",
      "   0.        ]\n",
      " [ 0.38100272  0.20577559  0.2742781  ...  0.          0.\n",
      "   0.        ]\n",
      " [-0.35886872  0.02960028  0.2512673  ...  0.          0.\n",
      "   0.        ]]\n",
      "Поколение: 4\n",
      "0.5 [4] [1]\n",
      "[[ 0.10743637  0.04482929  0.07700732 ...  0.          0.\n",
      "   0.        ]\n",
      " [-0.3185568  -0.01652853 -0.04542663 ...  0.          0.\n",
      "   0.        ]\n",
      " [ 0.17523304  0.11092716  0.2851072  ...  0.          0.\n",
      "   0.        ]\n",
      " ...\n",
      " [ 0.38100272  0.20577559  0.2742781  ...  0.          0.\n",
      "   0.        ]\n",
      " [-0.29148525  0.34510586  0.25578406 ...  0.          0.\n",
      "   0.        ]\n",
      " [ 0.38100272  0.20577559  0.2742781  ...  0.          0.\n",
      "   0.        ]]\n",
      "Поколение: 5\n",
      "0.5 [4] [1]\n",
      "[[ 0.10743637  0.04482929  0.07700732 ...  0.          0.\n",
      "   0.        ]\n",
      " [-0.01539909 -0.45394793  0.50508964 ...  0.          0.\n",
      "   0.        ]\n",
      " [-0.29148525  0.34510586  0.25578406 ...  0.          0.\n",
      "   0.        ]\n",
      " ...\n",
      " [ 0.17523304  0.11092716  0.2851072  ...  0.          0.\n",
      "   0.        ]\n",
      " [ 0.10743637  0.04482929  0.07700732 ...  0.          0.\n",
      "   0.        ]\n",
      " [ 0.27109814  0.35377154  0.24868645 ...  0.          0.\n",
      "   0.        ]]\n",
      "Поколение: 6\n",
      "0.5 [4] [1]\n",
      "[[ 0.10743637  0.04482929  0.07700732 ...  0.          0.\n",
      "   0.        ]\n",
      " [ 0.38100272  0.20577559  0.2742781  ...  0.          0.\n",
      "   0.        ]\n",
      " [-0.29148525  0.34510586  0.25578406 ...  0.          0.\n",
      "   0.        ]\n",
      " ...\n",
      " [ 0.17523304  0.11092716  0.2851072  ...  0.          0.\n",
      "   0.        ]\n",
      " [ 0.17523304  0.11092716  0.2851072  ...  0.          0.\n",
      "   0.        ]\n",
      " [ 0.38100272  0.20577559  0.2742781  ...  0.          0.\n",
      "   0.        ]]\n",
      "Поколение: 7\n",
      "0.5 [4] [1]\n",
      "[[ 0.10743637  0.04482929  0.07700732 ...  0.          0.\n",
      "   0.        ]\n",
      " [ 0.17523304  0.11092716  0.2851072  ...  0.          0.\n",
      "   0.        ]\n",
      " [ 0.10743637  0.04482929  0.07700732 ...  0.          0.\n",
      "   0.        ]\n",
      " ...\n",
      " [-0.35886872  0.02960028  0.2512673  ...  0.          0.\n",
      "   0.        ]\n",
      " [-0.29148525  0.34510586  0.25578406 ...  0.          0.\n",
      "   0.        ]\n",
      " [ 0.17523304  0.11092716  0.2851072  ...  0.          0.\n",
      "   0.        ]]\n",
      "Поколение: 8\n",
      "0.5 [4] [1]\n",
      "[[ 0.10743637  0.04482929  0.07700732 ...  0.          0.\n",
      "   0.        ]\n",
      " [-0.05434833  0.1773571   0.58737093 ...  0.          0.\n",
      "   0.        ]\n",
      " [ 0.10743637  0.04482929  0.07700732 ...  0.          0.\n",
      "   0.        ]\n",
      " ...\n",
      " [-0.05434833  0.1773571   0.58737093 ...  0.          0.\n",
      "   0.        ]\n",
      " [-0.05434833  0.1773571   0.58737093 ...  0.          0.\n",
      "   0.        ]\n",
      " [ 0.10743637  0.04482929  0.07700732 ...  0.          0.\n",
      "   0.        ]]\n",
      "Поколение: 9\n",
      "0.5 [4] [1]\n",
      "[[ 0.10743637  0.04482929  0.07700732 ...  0.          0.\n",
      "   0.        ]\n",
      " [ 0.17523304  0.11092716  0.2851072  ...  0.          0.\n",
      "   0.        ]\n",
      " [ 0.17523304  0.11092716  0.2851072  ...  0.          0.\n",
      "   0.        ]\n",
      " ...\n",
      " [ 0.17523304  0.11092716  0.2851072  ...  0.          0.\n",
      "   0.        ]\n",
      " [ 0.10743637  0.04482929  0.07700732 ...  0.          0.\n",
      "   0.        ]\n",
      " [-0.29148525  0.34510586  0.25578406 ...  0.          0.\n",
      "   0.        ]]\n",
      "Поколение: 10\n",
      "0.5 [4] [1]\n",
      "[[ 0.10743637  0.04482929  0.07700732 ...  0.          0.\n",
      "   0.        ]\n",
      " [-0.05434833  0.1773571   0.58737093 ...  0.          0.\n",
      "   0.        ]\n",
      " [ 0.17523304  0.11092716  0.2851072  ...  0.          0.\n",
      "   0.        ]\n",
      " ...\n",
      " [ 0.10743637  0.04482929  0.07700732 ...  0.          0.\n",
      "   0.        ]\n",
      " [-0.05434833  0.1773571   0.58737093 ...  0.          0.\n",
      "   0.        ]\n",
      " [-0.05434833  0.1773571   0.58737093 ...  0.          0.\n",
      "   0.        ]]\n",
      "Поколение: 11\n",
      "0.5 [4] [1]\n",
      "[[ 0.10743637  0.04482929  0.07700732 ...  0.          0.\n",
      "   0.        ]\n",
      " [-0.29148525  0.34510586  0.25578406 ...  0.          0.\n",
      "   0.        ]\n",
      " [ 0.10743637  0.04482929  0.07700732 ...  0.          0.\n",
      "   0.        ]\n",
      " ...\n",
      " [-0.05434833  0.1773571   0.58737093 ...  0.          0.\n",
      "   0.        ]\n",
      " [-0.05434833  0.1773571   0.58737093 ...  0.          0.\n",
      "   0.        ]\n",
      " [-0.29148525  0.34510586  0.25578406 ...  0.          0.\n",
      "   0.        ]]\n",
      "Поколение: 12\n",
      "0.5 [4] [1]\n",
      "[[ 0.10743637  0.04482929  0.07700732 ...  0.          0.\n",
      "   0.        ]\n",
      " [-0.05434833  0.1773571   0.58737093 ...  0.          0.\n",
      "   0.        ]\n",
      " [ 0.10743637  0.04482929  0.07700732 ...  0.          0.\n",
      "   0.        ]\n",
      " ...\n",
      " [ 0.17523304  0.11092716  0.2851072  ...  0.          0.\n",
      "   0.        ]\n",
      " [ 0.10743637  0.04482929  0.07700732 ...  0.          0.\n",
      "   0.        ]\n",
      " [-0.29148525  0.34510586  0.25578406 ...  0.          0.\n",
      "   0.        ]]\n",
      "Поколение: 13\n",
      "0.5 [4] [1]\n",
      "[[ 0.10743637  0.04482929  0.07700732 ...  0.          0.\n",
      "   0.        ]\n",
      " [ 0.17523304  0.11092716  0.2851072  ...  0.          0.\n",
      "   0.        ]\n",
      " [ 0.07154149  0.04528766  0.11639924 ...  0.          0.\n",
      "   0.        ]\n",
      " ...\n",
      " [-0.29148525  0.34510586  0.25578406 ...  0.          0.\n",
      "   0.        ]\n",
      " [ 0.17523304  0.11092716  0.2851072  ...  0.          0.\n",
      "   0.        ]\n",
      " [-0.05434833  0.1773571   0.58737093 ...  0.          0.\n",
      "   0.        ]]\n",
      "Поколение: 14\n",
      "0.5 [4] [1]\n",
      "[[ 0.10743637  0.04482929  0.07700732 ...  0.          0.\n",
      "   0.        ]\n",
      " [-0.29148525  0.34510586  0.25578406 ...  0.          0.\n",
      "   0.        ]\n",
      " [ 0.10743637  0.04482929  0.07700732 ...  0.          0.\n",
      "   0.        ]\n",
      " ...\n",
      " [-0.29148525  0.34510586  0.25578406 ...  0.          0.\n",
      "   0.        ]\n",
      " [ 0.10743637  0.04482929  0.07700732 ...  0.          0.\n",
      "   0.        ]\n",
      " [-0.05434833  0.1773571   0.58737093 ...  0.          0.\n",
      "   0.        ]]\n",
      "Поколение: 15\n",
      "0.5 [4] [1]\n",
      "[[ 0.10743637  0.04482929  0.07700732 ...  0.          0.\n",
      "   0.        ]\n",
      " [-0.05434833  0.1773571   0.58737093 ...  0.          0.\n",
      "   0.        ]\n",
      " [ 0.17523304  0.11092716  0.2851072  ...  0.          0.\n",
      "   0.        ]\n",
      " ...\n",
      " [ 0.17523304  0.11092716  0.2851072  ...  0.          0.\n",
      "   0.        ]\n",
      " [ 0.17523304  0.11092716  0.2851072  ...  0.          0.\n",
      "   0.        ]\n",
      " [ 0.17523304  0.11092716  0.2851072  ...  0.          0.\n",
      "   0.        ]]\n",
      "Поколение: 16\n",
      "0.5 [4] [1]\n",
      "[[ 0.10743637  0.04482929  0.07700732 ...  0.          0.\n",
      "   0.        ]\n",
      " [ 0.17523304  0.11092716  0.2851072  ...  0.          0.\n",
      "   0.        ]\n",
      " [ 0.17523304  0.11092716  0.2851072  ...  0.          0.\n",
      "   0.        ]\n",
      " ...\n",
      " [-0.29148525  0.34510586  0.25578406 ...  0.          0.\n",
      "   0.        ]\n",
      " [ 0.10743637  0.04482929  0.07700732 ...  0.          0.\n",
      "   0.        ]\n",
      " [ 0.10743637  0.04482929  0.07700732 ...  0.          0.\n",
      "   0.        ]]\n",
      "Поколение: 17\n",
      "0.5 [4] [1]\n",
      "[[ 0.10743637  0.04482929  0.07700732 ...  0.          0.\n",
      "   0.        ]\n",
      " [ 0.38100272  0.20577559  0.2742781  ...  0.          0.\n",
      "   0.        ]\n",
      " [ 0.10743637  0.04482929  0.07700732 ...  0.          0.\n",
      "   0.        ]\n",
      " ...\n",
      " [ 0.10743637  0.04482929  0.07700732 ...  0.          0.\n",
      "   0.        ]\n",
      " [-0.29148525  0.34510586  0.25578406 ...  0.          0.\n",
      "   0.        ]\n",
      " [ 0.17523304  0.11092716  0.2851072  ...  0.          0.\n",
      "   0.        ]]\n",
      "Поколение: 18\n",
      "0.5 [4] [1]\n",
      "[[ 0.10743637  0.04482929  0.07700732 ...  0.          0.\n",
      "   0.        ]\n",
      " [-0.29148525  0.34510586  0.25578406 ...  0.          0.\n",
      "   0.        ]\n",
      " [ 0.10743637  0.04482929  0.07700732 ...  0.          0.\n",
      "   0.        ]\n",
      " ...\n",
      " [ 0.10743637  0.04482929  0.07700732 ...  0.          0.\n",
      "   0.        ]\n",
      " [ 0.10743637  0.04482929  0.07700732 ...  0.          0.\n",
      "   0.        ]\n",
      " [ 0.10743637  0.04482929  0.07700732 ...  0.          0.\n",
      "   0.        ]]\n",
      "Поколение: 19\n",
      "0.5 [4] [1]\n",
      "[[ 0.10743637  0.04482929  0.07700732 ...  0.          0.\n",
      "   0.        ]\n",
      " [ 0.10743637  0.04482929  0.07700732 ...  0.          0.\n",
      "   0.        ]\n",
      " [ 0.10743637  0.04482929  0.07700732 ...  0.          0.\n",
      "   0.        ]\n",
      " ...\n",
      " [-0.29148525  0.34510586  0.25578406 ...  0.          0.\n",
      "   0.        ]\n",
      " [-0.05434833  0.1773571   0.58737093 ...  0.          0.\n",
      "   0.        ]\n",
      " [ 0.10743637  0.04482929  0.07700732 ...  0.          0.\n",
      "   0.        ]]\n",
      "Поколение: 20\n",
      "0.5 [4] [1]\n",
      "[[ 0.10743637  0.04482929  0.07700732 ...  0.          0.\n",
      "   0.        ]\n",
      " [ 0.10743637  0.04482929  0.07700732 ...  0.          0.\n",
      "   0.        ]\n",
      " [-0.29148525  0.34510586  0.25578406 ...  0.          0.\n",
      "   0.        ]\n",
      " ...\n",
      " [ 0.17523304  0.11092716  0.2851072  ...  0.          0.\n",
      "   0.        ]\n",
      " [-0.29148525  0.34510586  0.25578406 ...  0.          0.\n",
      "   0.        ]\n",
      " [-0.05434833  0.1773571   0.58737093 ...  0.          0.\n",
      "   0.        ]]\n",
      "Поколение: 21\n",
      "0.5 [4] [1]\n",
      "[[ 0.10743637  0.04482929  0.07700732 ...  0.          0.\n",
      "   0.        ]\n",
      " [ 0.17523304  0.11092716  0.2851072  ...  0.          0.\n",
      "   0.        ]\n",
      " [ 0.17523304  0.11092716  0.2851072  ...  0.          0.\n",
      "   0.        ]\n",
      " ...\n",
      " [-0.29148525  0.34510586  0.25578406 ...  0.          0.\n",
      "   0.        ]\n",
      " [ 0.10743637  0.04482929  0.07700732 ...  0.          0.\n",
      "   0.        ]\n",
      " [-0.29148525  0.34510586  0.25578406 ...  0.          0.\n",
      "   0.        ]]\n",
      "Поколение: 22\n",
      "0.5 [4] [1]\n",
      "[[ 0.10743637  0.04482929  0.07700732 ...  0.          0.\n",
      "   0.        ]\n",
      " [ 0.10743637  0.04482929  0.07700732 ...  0.          0.\n",
      "   0.        ]\n",
      " [-0.29148525  0.34510586  0.25578406 ...  0.          0.\n",
      "   0.        ]\n",
      " ...\n",
      " [ 0.10743637  0.04482929  0.07700732 ...  0.          0.\n",
      "   0.        ]\n",
      " [-0.29148525  0.34510586  0.25578406 ...  0.          0.\n",
      "   0.        ]\n",
      " [-0.29148525  0.34510586  0.25578406 ...  0.          0.\n",
      "   0.        ]]\n",
      "Поколение: 23\n",
      "0.5 [4] [1]\n",
      "[[ 0.10743637  0.04482929  0.07700732 ...  0.          0.\n",
      "   0.        ]\n",
      " [ 0.17523304  0.11092716  0.2851072  ...  0.          0.\n",
      "   0.        ]\n",
      " [ 0.10743637  0.04482929  0.07700732 ...  0.          0.\n",
      "   0.        ]\n",
      " ...\n",
      " [-0.05434833  0.1773571   0.58737093 ...  0.          0.\n",
      "   0.        ]\n",
      " [ 0.17523304  0.11092716  0.2851072  ...  0.          0.\n",
      "   0.        ]\n",
      " [-0.29148525  0.34510586  0.25578406 ...  0.          0.\n",
      "   0.        ]]\n",
      "Поколение: 24\n",
      "0.5 [4] [1]\n",
      "[[ 0.10743637  0.04482929  0.07700732 ...  0.          0.\n",
      "   0.        ]\n",
      " [-0.29148525  0.34510586  0.25578406 ...  0.          0.\n",
      "   0.        ]\n",
      " [ 0.10743637  0.04482929  0.07700732 ...  0.          0.\n",
      "   0.        ]\n",
      " ...\n",
      " [ 0.10743637  0.04482929  0.07700732 ...  0.          0.\n",
      "   0.        ]\n",
      " [ 0.10743637  0.04482929  0.07700732 ...  0.          0.\n",
      "   0.        ]\n",
      " [ 0.17523304  0.11092716  0.2851072  ...  0.          0.\n",
      "   0.        ]]\n",
      "Поколение: 25\n",
      "0.5 [4] [1]\n",
      "[[ 0.10743637  0.04482929  0.07700732 ...  0.          0.\n",
      "   0.        ]\n",
      " [ 0.17523304  0.11092716  0.2851072  ...  0.          0.\n",
      "   0.        ]\n",
      " [ 0.10743637  0.04482929  0.07700732 ...  0.          0.\n",
      "   0.        ]\n",
      " ...\n",
      " [ 0.10743637  0.04482929  0.07700732 ...  0.          0.\n",
      "   0.        ]\n",
      " [ 0.17523304  0.11092716  0.2851072  ...  0.          0.\n",
      "   0.        ]\n",
      " [-0.05434833  0.1773571   0.58737093 ...  0.          0.\n",
      "   0.        ]]\n",
      "Поколение: 26\n",
      "0.5 [4] [1]\n",
      "[[ 0.10743637  0.04482929  0.07700732 ...  0.          0.\n",
      "   0.        ]\n",
      " [-0.29148525  0.34510586  0.25578406 ...  0.          0.\n",
      "   0.        ]\n",
      " [ 0.10743637  0.04482929  0.07700732 ...  0.          0.\n",
      "   0.        ]\n",
      " ...\n",
      " [-0.29148525  0.34510586  0.25578406 ...  0.          0.\n",
      "   0.        ]\n",
      " [ 0.17523304  0.11092716  0.2851072  ...  0.          0.\n",
      "   0.        ]\n",
      " [-0.05434833  0.1773571   0.58737093 ...  0.          0.\n",
      "   0.        ]]\n",
      "Поколение: 27\n",
      "0.5 [4] [1]\n",
      "[[ 0.10743637  0.04482929  0.07700732 ...  0.          0.\n",
      "   0.        ]\n",
      " [-0.29148525  0.34510586  0.25578406 ...  0.          0.\n",
      "   0.        ]\n",
      " [ 0.10743637  0.04482929  0.07700732 ...  0.          0.\n",
      "   0.        ]\n",
      " ...\n",
      " [-0.29148525  0.34510586  0.25578406 ...  0.          0.\n",
      "   0.        ]\n",
      " [ 0.10743637  0.04482929  0.07700732 ...  0.          0.\n",
      "   0.        ]\n",
      " [-0.05434833  0.1773571   0.58737093 ...  0.          0.\n",
      "   0.        ]]\n",
      "Поколение: 28\n",
      "0.5 [4] [1]\n",
      "[[ 0.10743637  0.04482929  0.07700732 ...  0.          0.\n",
      "   0.        ]\n",
      " [-0.29148525  0.34510586  0.25578406 ...  0.          0.\n",
      "   0.        ]\n",
      " [-0.05434833  0.1773571   0.58737093 ...  0.          0.\n",
      "   0.        ]\n",
      " ...\n",
      " [ 0.10743637  0.04482929  0.07700732 ...  0.          0.\n",
      "   0.        ]\n",
      " [-0.29148525  0.34510586  0.25578406 ...  0.          0.\n",
      "   0.        ]\n",
      " [ 0.17523304  0.11092716  0.2851072  ...  0.          0.\n",
      "   0.        ]]\n",
      "Поколение: 29\n",
      "0.5 [4] [1]\n",
      "[[ 0.10743637  0.04482929  0.07700732 ...  0.          0.\n",
      "   0.        ]\n",
      " [-0.05434833  0.1773571   0.58737093 ...  0.          0.\n",
      "   0.        ]\n",
      " [-0.29148525  0.34510586  0.25578406 ...  0.          0.\n",
      "   0.        ]\n",
      " ...\n",
      " [-0.29148525  0.34510586  0.25578406 ...  0.          0.\n",
      "   0.        ]\n",
      " [-0.05434833  0.1773571   0.58737093 ...  0.          0.\n",
      "   0.        ]\n",
      " [-0.05434833  0.1773571   0.58737093 ...  0.          0.\n",
      "   0.        ]]\n",
      "Поколение: 30\n",
      "0.5 [4] [1]\n",
      "[[ 0.10743637  0.04482929  0.07700732 ...  0.          0.\n",
      "   0.        ]\n",
      " [ 0.17523304  0.11092716  0.2851072  ...  0.          0.\n",
      "   0.        ]\n",
      " [-0.29148525  0.34510586  0.25578406 ...  0.          0.\n",
      "   0.        ]\n",
      " ...\n",
      " [-0.29148525  0.34510586  0.25578406 ...  0.          0.\n",
      "   0.        ]\n",
      " [-0.29148525  0.34510586  0.25578406 ...  0.          0.\n",
      "   0.        ]\n",
      " [ 0.17523304  0.11092716  0.2851072  ...  0.          0.\n",
      "   0.        ]]\n",
      "Поколение: 31\n",
      "0.5 [4] [1]\n",
      "[[ 0.10743637  0.04482929  0.07700732 ...  0.          0.\n",
      "   0.        ]\n",
      " [-0.29148525  0.34510586  0.25578406 ...  0.          0.\n",
      "   0.        ]\n",
      " [-0.05434833  0.1773571   0.58737093 ...  0.          0.\n",
      "   0.        ]\n",
      " ...\n",
      " [-0.29148525  0.34510586  0.25578406 ...  0.          0.\n",
      "   0.        ]\n",
      " [ 0.17523304  0.11092716  0.2851072  ...  0.          0.\n",
      "   0.        ]\n",
      " [-0.05434833  0.1773571   0.58737093 ...  0.          0.\n",
      "   0.        ]]\n",
      "Поколение: 32\n",
      "0.5 [4] [1]\n",
